64
39 25
48 12
44 91
11 51
34 42
49 86
67 35
59 43
4 69
18 87
36 53
68 55
35 57
35 91
27 37
86 95
89 98
83 33
0 63
100 49
7 69
64 21
40 85
88 35
23 43
49 18
49 87
84 71
48 33
7 34
59 69
89 17
39 9
78 16
83 37
10 80
78 13
51 24
61 4
28 98
13 61
91 24
44 45
98 32
44 3
21 53
30 46
58 40
50 93
29 21
45 40
90 12
0 66
91 56
31 41
48 84
77 48
10 27
96 82
67 72
21 35
12 70
15 56
13 72
5 2
5 22
5 26
5 48
5 55
61 5
13 5
30 5
11 5
62 5
2 48
2 55
2 5
2 13
2 22
2 26
8 2
46 2
59 2
39 2
22 2
22 5
22 13
22 26
22 48
22 55
34 22
39 22
46 22
59 22
26 2
26 5
26 22
26 48
26 55
30 26
34 26
23 26
13 26
48 26
48 55
48 2
48 5
48 22
11 48
39 48
13 48
55 2
55 5
55 22
55 26
55 48
30 55
46 55
62 55
59 55
13 55
39 55
61 52
61 60
61 46
61 5
61 10
61 12
61 40
61 54
61 62
61 8
61 18
61 39
61 57
6 61
34 61
56 61
11 61
59 61
23 61
28 61
13 2
13 5
13 22
13 26
13 48
13 55
8 13
39 13
30 26
30 55
30 5
59 30
56 30
11 30
11 58
11 61
11 20
11 48
11 62
11 18
11 39
11 59
11 8
11 27
11 5
11 45
11 63
11 10
11 15
11 30
23 11
34 11
56 11
6 11
62 40
62 52
62 5
62 61
62 20
62 55
62 45
62 46
62 60
62 39
62 8
62 35
11 62
28 62
6 62
23 62
34 62
56 62
1 62
59 62
54 49
54 57
54 60
54 4
54 14
6 54
1 54
61 54
63 35
28 63
46 63
59 63
8 63
11 63
15 16
15 58
27 15
34 15
11 15
49 0
49 57
54 49
21 49
46 49
14 49
25 49
32 49
60 49
0 49
1 0
21 0
12 10
59 12
61 12
34 12
8 12
6 20
6 4
6 1
6 8
6 56
6 61
6 39
6 11
6 21
6 43
6 59
6 19
6 23
6 54
6 34
6 45
6 46
6 28
6 24
6 62
1 25
1 52
1 57
1 62
1 0
1 32
1 4
1 45
1 54
1 60
1 44
1 46
1 14
1 37
6 1
23 1
34 1
56 1
21 1
28 1
60 29
60 49
60 57
60 14
54 60
21 60
24 60
61 60
62 60
1 60
57 29
57 49
57 60
8 57
3 57
14 57
21 57
61 57
1 57
24 57
54 57
58 16
58 27
58 15
19 58
53 58
11 58
59 58
8 2
8 29
8 46
8 61
8 62
8 3
8 39
8 40
8 63
8 13
8 35
8 57
8 12
59 8
6 8
23 8
34 8
11 8
56 8
28 8
34 11
34 19
34 39
34 61
34 28
34 56
34 21
34 43
34 15
34 59
34 26
34 1
34 6
34 62
34 23
34 8
34 22
34 12
34 14
34 46
52 18
62 52
1 52
39 52
59 52
61 52
6 45
39 45
62 45
1 45
11 45
28 45
25 37
25 49
1 25
21 25
28 25
32 49
32 44
21 32
1 32
53 27
53 58
19 53
23 53
59 61
59 58
59 52
59 55
59 12
59 22
59 39
59 2
59 8
59 16
59 18
59 62
59 63
59 9
59 30
23 59
34 59
56 59
11 59
6 59
10 42
10 12
61 10
11 10
46 10
56 30
56 43
56 11
56 19
56 23
56 34
56 36
56 6
56 21
56 39
56 8
56 28
56 59
56 41
56 46
56 1
56 31
56 61
56 62
56 47
21 44
21 0
21 1
21 25
21 29
21 32
21 33
21 38
21 36
21 37
21 49
21 57
21 60
34 21
56 21
6 21
23 21
23 59
23 8
23 6
23 16
23 28
23 1
23 41
23 62
23 46
23 11
23 19
23 17
23 61
23 43
23 56
23 53
23 34
23 21
23 26
23 39
3 29
3 57
8 3
28 3
39 3
39 45
39 2
39 3
39 9
39 48
39 62
39 8
39 61
39 13
39 22
39 52
39 55
6 39
23 39
56 39
28 39
46 39
34 39
11 39
59 39
19 16
19 53
19 58
56 19
43 19
6 19
23 19
34 19
16 58
16 15
23 16
19 16
27 16
59 16
29 57
29 60
24 29
8 29
46 29
3 29
21 29
28 29
14 29
46 29
46 63
46 2
46 40
46 49
46 61
46 10
46 18
46 22
46 35
46 55
46 8
46 39
46 62
34 46
1 46
28 46
6 46
23 46
56 46
46 40
61 40
62 40
8 40
6 20
11 20
28 20
62 20
14 49
14 57
14 60
14 24
14 29
4 14
54 14
1 14
34 14
28 14
43 19
43 31
43 41
43 51
6 43
23 43
34 43
56 43
44 32
28 44
1 44
21 44
18 52
46 18
59 18
11 18
61 18
28 8
28 1
28 45
28 63
28 46
28 39
28 24
28 44
28 62
28 37
28 3
28 14
28 29
28 61
28 20
28 25
6 28
23 28
34 28
56 28
27 58
27 15
27 16
53 27
11 27
35 9
46 35
62 35
63 35
8 35
4 14
4 42
4 54
1 4
6 4
51 31
51 33
51 36
41 51
43 51
33 31
33 36
33 51
21 33
35 9
39 9
59 9
17 31
23 17
24 14
24 29
24 57
24 60
6 24
28 24
42 50
4 42
10 42
41 31
41 51
23 41
56 41
43 41
31 51
31 33
31 36
31 41
43 31
56 31
17 31
36 31
36 33
36 51
56 36
21 36
50 42
1 37
21 37
28 37
25 37
47 7
56 47
21 38
